https://catalog.api.2gis.ru/2.0/catalog/branch/list?page=1&page_size=50&rubric_id=417&region_id=50&key=ruoedw9225&fields=request_type%2Citems.contact_groups
https://catalog.api.2gis.ru/3.0/items?page=1&page_size=50&q=%D0%9A%D1%80%D0%B0%D1%81%D0%BE%D1%82%D0%B0&region_id=50&key=ruoedw9225&fields=request_type%2Citems.contact_groups
https://catalog.api.2gis.ru/3.0/items?page=1&page_size=50&q=%D0%90%D0%B2%D1%82%D0%BE%D1%81%D0%B5%D1%80%D0%B2%D0%B8%D1%81&region_id=50&key=ruoedw9225&fields=request_type%2Citems.contact_groups
https://catalog.api.2gis.ru/3.0/items?page=1&page_size=50&q=%D0%BF%D1%80%D0%BE%D0%B4%D1%83%D0%BA%D1%82%D1%8B&region_id=50&key=ruoedw9225&fields=request_type%2Citems.contact_groups
https://catalog.api.2gis.ru/3.0/items?page=1&page_size=50&q=%D0%BA%D0%BE%D0%BD%D1%81%D0%B0%D0%BB%D1%82%D0%B8%D0%BD%D0%B3&region_id=50&key=ruoedw9225&fields=request_type%2Citems.contact_groups
https://catalog.api.2gis.ru/3.0/items?page=1&page_size=50&q=%D1%81%D1%82%D1%80%D0%BE%D0%B8%D1%82%D0%B5%D0%BB%D1%8C%D1%81%D1%82%D0%B2%D0%BE&region_id=50&key=ruoedw9225&fields=request_type%2Citems.contact_groups



ids

116
120
121
122
123
127
128
131
132
133
135
136
137
138
139
140
143
144
146
147
151
153
154
156
159
161
162
164
165
166
167
168
169
170
171
173
174
175
176
178
179
181
182
185
186
187
188
189
190
191
192
193
194
199
200
201
203
204
205
206
207
208
209
210
211
212
213
214
215
216
218
219
221
222
223
224
225
226
227
229
230
231
232
233
234
236
237
238
241
242
243
244
245
246
247
248
250
251
252
253
254
255
256
259
261
262
266
267
268
269
270
271
272
273
274
275
276
277
278
279
280
281
282
283
284
285
287
288
291
292
293
294
295
296
297
298
299
300
301
302
305
306
307
308
309
311
312
313
316
317
318
319
321
322
323
324
325
326
327
328
329
330
331
332
333
334
335
337
338
339
341
342
343
344
345
346
347
348
350
351
352
353
354
355
356
358
359
360
361
362
363
366
367
372
373
375
376
377
378
379
380
381
382
383
384
385
388
389
390
391
392
394
395
396
397
398
399
400
401
402
404
405
406
408
409
410
411
412
413
414
416
417
418
419
421
423
425
426
427
428
429
430
431
432
433
435
436
437
438
439
440
441
442
444
446
447
448
450
451
452
453
457
458
459
461
462
463
469
473
475
476
477
479
483
484
485
486
487
489
492
494
495
497
498
501
503
504
505
508
509
510
511
512
513
514
515
516
517
518
519
520
521
522
523
524
525
526
527
528
531
533
537
538
540
541
544
547
548
549
550
551
554
555
556
557
558
559
561
562
563
564
567
568
570
571
573
574
575
578
579
580
582
583
584
585
587
588
589
591
592
593
594
595
596
598
599
602
603
604
605
606
607
609
610
611
612
613
614
615
616
618
622
624
625
626
627
628
630
631
632
633
634
635
636
637
638
639
640
641
642
643
644
645
646
647
648
649
650
651
652
653
654
655
656
657
658
659
660
661
663
664
665
666
667
668
669
670
671
673
674
675
676
677
678
681
683
685
686
687
688
689
690
692
693
694
695
696
697
698
699
700
701
702
703
704
705
706
707
708
709
710
712
717
719
721
728
732
758
764
766
768
773
774
776
777
785
786
802
805
807
808
809
831
834
844
879
921
923
925
927
935
936
937
940
942
945
946
961
993
996
1013
1015
1032
1055
1059
1060
1073
1074
1098
1102
1108
1128
1140
1141
1152
1156
1175
1181
1182
1193
1194
1196
1197
1203
1204
1218
1232
1233
1234
1235
1236
1237
1238
1241
1248
1269
1273
1549
1556
1558
1559
1609
1613
1617
1644
1667
1669